00000000000000000000000000000000
00000000000000000000000000000000
00000000000000000000000000000000
00000000000000000000000000000000
00000000000000000000000000000000
00000000000001111110000000000000
00000000000011111111000000000000
00000000000011111111000000000000
00000000111111111111111000000000
00000001669999999999996610000000
00000001669999999999996610000000
00000016699999999999999661000000
00000016699999999999999661000000
00000016699999999999999661000000
00000161111111111111111116100000
00166666666666666666666666666100
00164444666444666666666666666100
00144444444444444666666666666100
00144333333333444466666666666100
00144444444446644466666666666100
00166611111666666666666666666100
00166111111166666666666666666100
00161111111116666666611166666100
00111113331111111111111111111100
00001113331110000001133311000000
00001113331110000001133311000000
00001111111110000001111111000000
00000111111100000000111110000000
00000011111000000000011100000000
00000000000000000000000000000000
00000000000000000000000000000000
00000000000000000000000000000000
