00000000000000000000000000000000
00000000000000000000000000000000
00000000000000000000000000000000
00000000000110011001100000000000
00000000017777777777771000000000
00000001777777777777777710000000
00000017777777777777777771000000
00000177777777777777777777100000
00001777771222222222217777710000
00017777712222222222221777771000
00017777122222222222222177771000
00017777122222111122222177771000
00017777122221111112222177771000
00017777122221111112222177771000
00017777122221111112222177771000
00017777122222111122222177771000
00017777712222222222221777771000
00017777771222222222217777771000
00017777777111111111177777771000
00017777777777777777777777771000
00017777777777777777777777771000
00017777111111111111111177771000
00017777122112211221122177771000
00017777711111111111111777771000
00017777777111111111177777771000
00001888888888888888888888810000
00000188888888888888888888100000
00000001888888888888888810000000
00000000188811111111888100000000
00000000111110000001111100000000
00000000000000000000000000000000
00000000000000000000000000000000
