00000000000000000000000000000000
00000000000000000000000000000000
00000000000000000000000000000000
00000000000110011001100000000000
00000000001551155115510000000000
00000000015555555555551000000000
00000000144444444444444100000000
00000001444444444444444410000000
00000001444444444444444410000000
00000001444224444442244410000000
00000001444124444442144410000000
00000001444414444441444410000000
00000001444441111114444410000000
00000001444444444444444410000000
00000000144444444444444100001000
00000000144444444444444100013100
00000000144441222214444100133100
00000000144412222221444101333100
00000000144412222221444100133100
00000000144412222221444100141000
00000000144412222221444100144100
00000000144412222221444100144100
00000000144412222221444101441000
00000000144441222214444114410000
00000000144444444444444144100000
00000000014441111114441011100000
00000000014441000014441000000000
00000000011111000011111000000000
00000000000000000000000000000000
00000000000000000000000000000000
00000000000000000000000000000000
00000000000000000000000000000000
