00000000000000000000000000000000
00000000000000000000000000000000
00000000111111111111111100000000
00000001999999999999999910000000
00000019999999999999999991000000
00000199999999999999999999100000
00001999999999999999999999910000
00019999999999999999999999991000
00019999999999999999999999991000
00019999999999999999999999991000
00019999999999999999999999991000
00019999999999999999999999991000
00019999999999999999999999991000
00019999999999999999999999991000
00019999999999999999999999991000
00019999999999999999999999991000
00019999999999999999999999991000
00019999999999999999999999991000
00019999999999999999999999991000
00019999999999999999999999991000
00019999999999999999999999991000
00019999999999999999999999991000
00019999999999999999999999991000
00019999999999999999999999991000
00019999999999999999999999991000
00001999999999999999999999910000
00000199999999999999999999100000
00000019999999999999999991000000
00000001999999999999999910000000
00000000111111111111111100000000
00000000000000000000000000000000
00000000000000000000000000000000
