00000000000000000000000000000000
00000000000000000000000000000000
00000000000000000000000000000000
00000000000011111111000000000000
00000000001222222222210000000000
00000000012222222222221000000000
00000000122199999999122100000000
00000000121999999999912100000000
00000001219999999999991210000000
00000001212299999999991210000000
00000001219999999999991210000000
00000001219999999999991210000000
00000001219999999999991210000000
00000001219999999999991210000000
00000001211111111111111210000000
00000001222222222222222210000000
00000000122222222222222100000000
00000000016666666666661000000000
00000166222222222222222266100000
00000166222222222222222266100000
00000122222221333312222222100000
00000122222221333312222222100000
00000122222221333312222222100000
00000122222222222222222222100000
00000166666666666666666666100000
00000001222221111112222210000000
00000001222221000012222210000000
00000001666661000016666610000000
00000001111111000011111110000000
00000000000000000000000000000000
00000000000000000000000000000000
00000000000000000000000000000000
