00000000000000000000000000000000
00000000000000000000000000000000
00000000111111111111111100000000
00000001555555555555555510000000
00000015555555555555555551000000
00000155555555555555555555100000
00001555555555555555555555510000
00015555555555555555555555551000
00015555555555555555555555551000
00015555555555555555555555551000
00015555555555555555555555551000
00015555555555555555555555551000
00015555555555555555555555551000
00015555555555555555555555551000
00015555555555555555555555551000
00015555555555555555555555551000
00015555555555555555555555551000
00015555555555555555555555551000
00015555555555555555555555551000
00015555555555555555555555551000
00015555555555555555555555551000
00015555555555555555555555551000
00015555555555555555555555551000
00015555555555555555555555551000
00015555555555555555555555551000
00001555555555555555555555510000
00000155555555555555555555100000
00000015555555555555555551000000
00000001555555555555555510000000
00000000111111111111111100000000
00000000000000000000000000000000
00000000000000000000000000000000
