00000000000000000000000000000000
00000000000000000000000000000000
00000011000000000000110000000000
00000144100000000001441000000000
00001444410000000014444100000000
00001444441000000144444100000000
00001444441000000144444100000000
00001444441111111144444100000000
00013333333333333333333310000000
00133333333333333333333331000000
00133333333333333333333331000000
00133333333333333333333331000000
00133333111333333111333331001110
00133333121333333121333331001410
00133333111333333111333331001410
00166633333331133333336661014410
00166633333313313333336661014100
00166633333331133333336661144100
00133333333333333333333331141000
00133333333333333333333331144100
00133333333333333333333331144100
00133333333333333333333331111000
00133333333333333333333331000000
00013333333333333333333310000000
00001333333333333333333100000000
00000133333333333333331000000000
00000133333333333333331000000000
00000014441111111114441000000000
00000014441000000014441000000000
00000011111000000011111000000000
00000000000000000000000000000000
00000000000000000000000000000000
