00000000000000000000000000000000
00000000000000000000000000000000
00000000000000000001100000000000
00000000000000000018881000000000
00000000000000000188888100000000
00000000000000001888888100000000
00000000000000018888881000000000
00000000000000188888100000000000
00000000000000188810000000000000
00000000000000188100000000000000
00000000000177777777100000000000
00000000017777777777771000000000
00000000177777777777777100000000
00000001777777777777777710000000
00000001777777777777777710000000
00000001777711777711777710000000
00000001777711777711777710000000
00000017777777777777777771000000
00000017777777111177777771000000
000000177dd7777777777dd771000000
000000177dd7777777777dd771000000
00000177777777777777777777100000
00000177dd77777dd77777dd77100000
00000177dd77777dd77777dd77100000
00000177777777777777777777100000
00000177777777777777777777100000
00000017777777777777777771000000
00000001777711111111777710000000
00000001777710000001777710000000
00000001111110000001111110000000
00000000000000000000000000000000
00000000000000000000000000000000
